           0
           0
           0
           0
           0
           0
           0
           0
           0
           0
           0
           0
           0
           0
           0
           0
           0
           0
           0
           0
           0
           0
           0
           0
           0
           0
           0
           0
           0
           0
           0
           0
           0
           0
           0
           0
           0
           0
           0
           0
           0
           0
           0
           0
           0
           0
           0
           0
           0
           0
           0
           0
           0
           0
           0
           0
           0
           0
           0
           0
           0
           0
           0
           0
           0
           0
           0
           0
           0
           0
           0
           0
           0
           0
           0
           0
           0
           0
           0
           0
           0
           0
           0
           0
           0
           0
           0
           0
           0
           0
           0
           0
           0
           0
           0
           0
           0
           0
  -200.01215
 0.025422021
 0.065579287
 0.098122818
  0.13037205
  0.16223027
  0.19360192
  0.22439291
  0.25451089
  0.28386553
  0.31236878
  0.33993516
  0.36648199
  0.39192965
  0.41620181
  0.43922568
   0.4609322
  0.48125628
  0.50013694
  0.51751757
  0.53334603
  0.54757486
  0.56016137
  0.57106782
  0.58026149
  0.58771481
  0.59340543
  0.59731628
  0.59943563
  0.59975712
  0.59827978
  0.59500806
  0.58995176
  0.58312605
  0.57455139
  0.56425352
   0.5522633
  0.53861671
  0.52335467
  0.50652297
  0.48817207
  0.46835702
  0.44713725
  0.42457641
  0.40074216
  0.37570597
  0.34954296
  0.32233157
  0.29415344
  0.26509306
  0.23523761
  0.20467661
  0.17350174
   0.1418065
  0.10968594
 0.077236408
 0.044555223
 0.011740406
-0.021109623
-0.053896339
-0.086521406
 -0.11888697
 -0.15089597
 -0.18245239
 -0.21346159
 -0.24383057
 -0.27346824
 -0.30228571
 -0.33019654
 -0.35711704
 -0.38296645
 -0.40766725
 -0.43114536
 -0.45333035
 -0.47415569
 -0.49355892
 -0.51148184
  -0.5278707
 -0.54267634
 -0.55585437
 -0.56736524
 -0.57717445
 -0.58525256
 -0.59157536
 -0.59612387
 -0.59888446
 -0.59984885
 -0.59901413
 -0.59638283
 -0.59196282
 -0.58576737
 -0.57781506
 -0.56812973
 -0.55674044
 -0.54368135
 -0.52899162
 -0.51271532
 -0.49490125
 -0.47560285
   199.54512
