3.0897773e-10
-4.6479709e-10
8.1009865e-11
4.757462e-09
3.0387151e-09
2.161987e-09
7.0511064e-10
-1.2060921e-09
-4.9188982e-09
-2.3299709e-09
-1.8200836e-09
-1.8596333e-09
-3.0288163e-09
7.7815088e-10
1.2737154e-09
4.110932e-09
-3.9989034e-09
-3.0941472e-11
-1.817571e-09
1.7905721e-09
-2.7272078e-09
-1.1765997e-09
-3.6535703e-09
-1.3214332e-09
1.6971526e-09
1.022781e-09
-9.3515018e-10
-3.7877816e-09
-3.9874337e-09
4.2398878e-09
1.7733899e-09
1.3389811e-09
-1.9618361e-09
3.8939721e-09
-3.5612861e-09
1.5817426e-09
9.762654e-10
4.1598573e-09
-4.2021193e-09
-1.6074071e-09
8.746972e-10
3.5266938e-09
-2.6241009e-10
-4.8801949e-09
4.5630655e-09
-2.165951e-09
4.3625006e-09
-2.1075746e-09
1.7035551e-09
-4.8783328e-09
2.1469146e-09
2.8196929e-09
-1.6204957e-09
7.8830276e-10
-3.6899372e-10
1.7231283e-10
4.5775783e-10
3.2654457e-10
2.3438496e-10
-2.6018476e-10
-4.4205613e-09
-8.1405283e-10
-2.4556823e-09
-3.7456021e-09
-3.3446756e-10
1.9330755e-09
3.8340557e-09
-3.8379793e-09
4.987859e-10
-1.8569026e-09
-2.0533415e-09
3.7870915e-09
2.3686901e-09
2.0300313e-09
3.1740715e-09
9.3581498e-10
6.4252337e-10
-3.4169219e-09
4.587903e-09
-1.1600861e-09
3.3334054e-09
-1.6700662e-09
2.1157689e-09
-1.6617299e-09
-8.7299101e-10
4.1804751e-09
-4.0703823e-09
8.652159e-10
-2.9540859e-09
-2.2323392e-09
1.3245804e-09
-3.2604737e-09
-4.7004267e-09
-2.3196618e-09
-3.6027847e-09
3.2814542e-09
1.6176553e-09
2.5600926e-09
2.0053792e-06
