-0.0014386493
-0.0028740163
-0.0043028287
-0.0057218337
-0.007127808
-0.0085175673
-0.0098879762
-0.011235957
-0.012558499
-0.013852669
-0.015115618
-0.016344591
-0.017536933
-0.018690102
-0.019801672
-0.020869341
 -0.02189094
-0.022864437
-0.023787945
-0.024659728
-0.025478203
-0.026241948
-0.026949704
-0.027600382
-0.028193063
-0.028727003
-0.029201631
-0.029616557
 -0.02997157
-0.030266637
-0.030501906
-0.030677704
-0.030794536
-0.030853085
-0.030854207
-0.030798932
-0.030688459
-0.030524151
-0.030307533
-0.030040288
-0.029724251
-0.029361401
 -0.02895386
-0.028503883
-0.028013851
-0.027486268
-0.026923748
 -0.02632901
-0.025704873
-0.025054239
-0.024380093
-0.023685489
-0.022973544
-0.022247426
-0.021510344
-0.020765543
-0.020016288
 -0.01926586
-0.018517542
 -0.01777461
-0.017040327
-0.016317926
-0.015610608
-0.014921525
-0.014253778
-0.013610402
-0.012994359
-0.012408529
-0.011855703
 -0.01133857
-0.010859715
-0.010421607
-0.010026591
-0.0096768854
-0.0093745719
-0.0091215897
 -0.00891973
-0.0087706311
-0.0086757726
-0.0086364718
-0.0086538791
-0.0087289751
-0.008862567
-0.0090552869
-0.0093075894
-0.0096197504
-0.0099918663
-0.010423854
 -0.01091545
-0.011466212
-0.012075522
-0.012742585
-0.013466432
-0.014245925
 -0.01507976
-0.015966467
 -0.01690442
-0.017891838
-0.015596793
