-3.3323899e-05
-6.6627739e-05
-9.9891628e-05
-0.00013309554
-0.00016621936
-0.00019924326
-0.00023214715
-0.00026491075
-0.00029751539
-0.00032993867
-0.00036216267
-0.00039416615
-0.00042593075
-0.00045743397
-0.00048865781
-0.00051958203
-0.00055018606
-0.00058044952
-0.00061035328
-0.00063987715
-0.00066900107
-0.00069770486
-0.00072596852
-0.00075377193
-0.00078109619
-0.00080792034
-0.00083422359
-0.00085998708
-0.00088519095
-0.00090981508
-0.00093383913
-0.00095724211
-0.00098000639
-0.0010021102
-0.0010235336
-0.0010442568
-0.0010642613
-0.001083524
-0.0011020284
-0.0011197519
-0.0011366755
-0.0011527788
-0.0011680427
-0.0011824462
-0.0011959694
-0.0012085929
-0.0012202965
-0.0012310601
-0.0012408639
-0.0012496868
-0.0012575106
-0.0012643139
-0.0012700778
-0.001274781
-0.0012784042
-0.0012809275
-0.0012823315
-0.0012825941
-0.0012816975
-0.0012796209
-0.001276344
-0.0012718479
-0.0012661108
-0.0012591138
-0.0012508373
-0.0012412607
-0.0012303631
-0.001218127
 -0.00120453
-0.0011895529
-0.0011731762
-0.0011553789
-0.0011361415
-0.0011154449
-0.0010932679
-0.0010695908
-0.0010443937
-0.0010176566
-0.00098935948
-0.00095948224
-0.00092800504
-0.0008949078
-0.00086017064
-0.00082377331
-0.00078569604
-0.00074591865
-0.00070442134
-0.00066118356
-0.00061618633
-0.00056940876
-0.00052083162
-0.00047043407
-0.00041819606
-0.00036409923
-0.00030812133
-0.00025024412
-0.00019044578
-0.00012870879
-6.5066285e-05
