9.8646869e-05
0.00019714992
0.0002953657
0.00039315134
0.00049036501
0.00058686623
0.00068251593
0.00077717726
0.0008707153
0.00096299807
0.0010538961
0.0011432831
0.0012310362
0.0013170363
0.0014011682
0.0014833205
0.0015633867
0.0016412645
0.0017168567
0.0017900711
0.0018608203
0.0019290226
0.0019946017
0.0020574867
0.0021176127
0.0021749202
0.0022293561
0.0022808727
0.0023294288
0.0023749887
0.0024175229
0.0024570079
0.0024934261
0.0025267657
 0.002557021
0.0025841918
0.0026082837
0.0026293076
0.0026472799
0.0026622224
0.0026741615
0.0026831291
0.0026891612
0.0026922986
0.0026925863
0.0026900732
 0.002684812
0.0026768591
0.0026662736
0.0026531177
0.0026374575
0.0026193593
0.0025988927
0.0025761288
0.0025511408
0.0025240015
0.0024947865
0.0024635694
0.0024304247
0.0023954288
0.0023586555
0.0023201778
0.0022800688
0.0022383977
0.0021952339
 0.002150644
0.0021046933
 0.002057442
0.0020089504
0.0019592718
0.0019084589
0.0018565583
0.0018036166
0.0017496706
0.0016947555
0.0016389027
0.0015821368
0.0015244783
0.0014659409
0.0014065361
 0.001346266
  0.00128513
 0.001223119
 0.001160222
0.0010964181
0.0010316817
0.00096598298
0.00089928422
0.0008315423
0.00076270735
0.00069272462
0.0006215332
0.00054906669
0.00047525239
0.00040001291
0.0003232647
0.00024491841
0.00016488143
8.3109318e-05
